-18.93344, 47.5351
-18.93332, 47.53532
-18.9332, 47.53547
-18.933, 47.53562
-18.93242, 47.53599
-18.9322, 47.5361
-18.93187, 47.53622
-18.93106, 47.53652
-18.9308, 47.53676
-18.93056, 47.53706
-18.93028, 47.53744
-18.93003, 47.53766
-18.92984, 47.53775
-18.92967, 47.53777
-18.92886, 47.53775
-18.92849, 47.53773
-18.92837, 47.53769
-18.92823, 47.5376
-18.92802, 47.53724
-18.92791, 47.53706
-18.92764, 47.53682
-18.92746, 47.53671
-18.92697, 47.53651
-18.92677, 47.53648
-18.92657, 47.53653
-18.92636, 47.53671
-18.92592, 47.53715
-18.92571, 47.53739
-18.92559, 47.53747
-18.92541, 47.53756
-18.92532, 47.53758
-18.9251, 47.53763
-18.92497, 47.53763
-18.92466, 47.53749
-18.92448, 47.53741
-18.92355, 47.53711
-18.92298, 47.5369
-18.92286, 47.53682
-18.92275, 47.5367
-18.92251, 47.53613
-18.92238, 47.53593
-18.92227, 47.53584
-18.92211, 47.53581
-18.92203, 47.53584
-18.92169, 47.53606
-18.92087, 47.53663
-18.92067, 47.53675
-18.92046, 47.5368
-18.92015, 47.53689
-18.92002, 47.53695
-18.92001, 47.537
-18.91996, 47.53721
-18.91986, 47.53742
-18.91961, 47.53784
-18.91942, 47.53818
-18.91932, 47.53833
-18.91918, 47.53847
-18.91897, 47.53867
-18.91889, 47.53878
-18.9188, 47.53903
-18.91874, 47.53929
-18.91828, 47.53947
-18.91806, 47.53946
-18.91796, 47.53938
-18.91789, 47.53909
-18.91789, 47.5387
-18.91799, 47.53843
-18.91811, 47.53822
-18.91835, 47.5379
-18.91844, 47.53772
-18.91849, 47.53753
-18.91849, 47.53737
-18.91846, 47.53721
-18.91837, 47.53683
-18.9182, 47.53667
-18.918, 47.53658
-18.91783, 47.53653
-18.91764, 47.5365
-18.91748, 47.53652
-18.91714, 47.5366
-18.91698, 47.53667
-18.91636, 47.53722
-18.91607, 47.53747
-18.91583, 47.53763
-18.91554, 47.53771
-18.91531, 47.53771
-18.91515, 47.53766
-18.91483, 47.53745
-18.91461, 47.53723
-18.91421, 47.53694
-18.9141, 47.53688
-18.91398, 47.53683
-18.91325, 47.53661
-18.91279, 47.53646
-18.91261, 47.53643
-18.91245, 47.53642
-18.91223, 47.53646
-18.91189, 47.53657
-18.91173, 47.53659
-18.91134, 47.53653
-18.91096, 47.53649
-18.91068, 47.53647
-18.91038, 47.53648
-18.90997, 47.53646
-18.90989, 47.53645
-18.90963, 47.53634
-18.90922, 47.53617
-18.90862, 47.53587
-18.90844, 47.53573
-18.90807, 47.53526
-18.90718, 47.53412
-18.90647, 47.53317
-18.90639, 47.53313
-18.90629, 47.53315
-18.90615, 47.53324
-18.90583, 47.53352
-18.90547, 47.53371
-18.90529, 47.53377
-18.90485, 47.53383
-18.90381, 47.53376
-18.90357, 47.53371
-18.90328, 47.5336
-18.90311, 47.53348
-18.90292, 47.53323
-18.90279, 47.53301
-18.90265, 47.53285
-18.90252, 47.53278
-18.902, 47.53274
-18.90178, 47.53273
-18.90174, 47.53262
-18.90169, 47.53245
-18.90139, 47.53185
-18.90116, 47.53157
-18.90103, 47.53134
-18.90091, 47.53102
-18.90087, 47.53088
-18.90089, 47.53083
-18.9009, 47.53075
-18.90102, 47.53063
-18.9011, 47.5306
-18.90138, 47.53056
-18.9015, 47.53051
-18.90171, 47.53042
-18.90192, 47.53025
-18.90203, 47.52998
-18.90203, 47.52967
-18.90208, 47.52923
-18.90258, 47.52928
-18.90291, 47.52928
-18.90324, 47.52924
-18.90326, 47.52926
-18.90326, 47.52926
-18.90355, 47.52943
-18.90381, 47.52929
-18.90383, 47.52924
-18.90383, 47.52924
-18.90402, 47.52876
-18.90422, 47.52834
-18.9044, 47.52786
-18.90445, 47.52779
-18.90453, 47.52773
-18.90502, 47.5275
-18.90553, 47.52728
-18.90569, 47.52741
-18.9061, 47.52773
-18.90634, 47.52783
-18.90653, 47.52787
-18.90681, 47.5279
-18.90704, 47.528
-18.90722, 47.52812
-18.908, 47.52825
-18.90829, 47.52831
-18.90849, 47.52841
-18.90872, 47.52855
-18.90885, 47.52863
-18.90941, 47.52869
-18.90965, 47.52868
-18.90991, 47.52861
-18.91045, 47.52847
-18.91036, 47.52788
-18.91036, 47.52767
-18.91044, 47.52753
-18.91052, 47.52753
-18.91079, 47.52734
-18.91106, 47.52716
-18.91186, 47.52642
-18.9122, 47.52613
-18.9128, 47.52565
-18.91393, 47.5247
-18.91432, 47.52431
-18.9144, 47.52422
-18.9144, 47.52421
-18.91439, 47.52419
-18.91439, 47.52416
-18.91441, 47.52412
-18.91445, 47.52409
-18.9145, 47.52409
-18.91453, 47.52412
-18.91455, 47.52414
-18.91466, 47.52416
-18.91722, 47.52398
-18.9174, 47.52384
-18.9174, 47.52382
-18.91741, 47.5238
-18.91741, 47.52377
-18.91745, 47.52372
-18.91749, 47.5237
-18.91755, 47.5237
-18.91761, 47.52372
-18.91764, 47.52377
-18.91765, 47.5238
-18.91837, 47.52447
-18.9184, 47.52448
-18.91905, 47.5242
-18.91929, 47.52409
-18.91937, 47.52411
-18.91945, 47.52414
-18.91968, 47.52432
-18.92021, 47.52434
-18.92045, 47.5244
-18.92065, 47.52449
-18.92086, 47.52465
-18.921, 47.52481
-18.92108, 47.52495
-18.92115, 47.52517
-18.92154, 47.52718
-18.92157, 47.52727
-18.92175, 47.52726
-18.92196, 47.52729
-18.92213, 47.52736
-18.92257, 47.52772
-18.92299, 47.52806
-18.92358, 47.52842
-18.92382, 47.52849
-18.92398, 47.5285
-18.92423, 47.52849
-18.92462, 47.52838
-18.92495, 47.52828
-18.92541, 47.52822
-18.92568, 47.5281
-18.92612, 47.52786
-18.92631, 47.52779
-18.92654, 47.52776
-18.92665, 47.52775
-18.92668, 47.52799
-18.92675, 47.5282
-18.92687, 47.52839
-18.9271, 47.52851
-18.92732, 47.52851
-18.92797, 47.52837
-18.92899, 47.52814
-18.92969, 47.528
-18.93045, 47.52782
-18.93123, 47.52765
-18.93246, 47.52729
-18.93262, 47.52728
-18.9335, 47.52762
-18.93414, 47.52794
-18.93546, 47.52859
-18.93552, 47.52862
-18.93548, 47.52882
-18.93545, 47.52905
-18.9355, 47.52932
-18.9356, 47.52959
-18.93576, 47.52997
-18.93574, 47.53014
-18.93556, 47.53046
-18.93545, 47.53065
-18.93542, 47.53079
-18.93543, 47.53103
-18.93576, 47.53344
-18.93572, 47.53357
-18.9356, 47.5337
-18.93502, 47.53413
-18.93441, 47.53436
-18.93397, 47.53451
-18.93373, 47.53462
-18.9336, 47.53474
-18.93352, 47.53487
-18.93344, 47.5351
