-18.91212, 47.54476
-18.91237, 47.54483
-18.91255, 47.54493
-18.91263, 47.54482
-18.91283, 47.54462
-18.91299, 47.54429
-18.91329, 47.54338
-18.91342, 47.54208
-18.91344, 47.54178
-18.9135, 47.54138
-18.9137, 47.54066
-18.91375, 47.54036
-18.91369, 47.54009
-18.91359, 47.53942
-18.91357, 47.53918
-18.91368, 47.53888
-18.91395, 47.53816
-18.91392, 47.53814
-18.91384, 47.53799
-18.91381, 47.53781
-18.91385, 47.53759
-18.91392, 47.53727
-18.91398, 47.53683
-18.9141, 47.53688
-18.91421, 47.53694
-18.91461, 47.53723
-18.91483, 47.53745
-18.91515, 47.53766
-18.91531, 47.53771
-18.91554, 47.53771
-18.91583, 47.53763
-18.91607, 47.53747
-18.91616, 47.5374
-18.91678, 47.53683
-18.91698, 47.53667
-18.91714, 47.5366
-18.91764, 47.5365
-18.918, 47.53658
-18.9182, 47.53667
-18.91832, 47.53677
-18.91837, 47.53683
-18.91842, 47.537
-18.91849, 47.53737
-18.91849, 47.53753
-18.91835, 47.5379
-18.91811, 47.53822
-18.91799, 47.53843
-18.91789, 47.5387
-18.91789, 47.53909
-18.91796, 47.53938
-18.91806, 47.53946
-18.91828, 47.53947
-18.91874, 47.53929
-18.9189, 47.53946
-18.91913, 47.53958
-18.91952, 47.53971
-18.91982, 47.53977
-18.92031, 47.5399
-18.92088, 47.54019
-18.9218, 47.54063
-18.9221, 47.54075
-18.92261, 47.54086
-18.92337, 47.54107
-18.92363, 47.54117
-18.92381, 47.54125
-18.92429, 47.54153
-18.92457, 47.5417
-18.92486, 47.54192
-18.92494, 47.54206
-18.92498, 47.54222
-18.92498, 47.54254
-18.92502, 47.5428
-18.92522, 47.54304
-18.92558, 47.54312
-18.92582, 47.54313
-18.92602, 47.54318
-18.92654, 47.54333
-18.92709, 47.54351
-18.92734, 47.54356
-18.92757, 47.54349
-18.92734, 47.54356
-18.92793, 47.54387
-18.92873, 47.54435
-18.92896, 47.54444
-18.92918, 47.54446
-18.92957, 47.54446
-18.92971, 47.54447
-18.92986, 47.54457
-18.93003, 47.54482
-18.93023, 47.54516
-18.93064, 47.54585
-18.93075, 47.54604
-18.93082, 47.54619
-18.93089, 47.54642
-18.93098, 47.547
-18.93104, 47.54716
-18.93225, 47.54851
-18.93304, 47.54935
-18.93316, 47.54942
-18.93363, 47.54961
-18.93383, 47.54969
-18.93406, 47.54986
-18.93435, 47.5502
-18.93494, 47.55089
-18.93508, 47.55101
-18.93529, 47.55113
-18.93586, 47.55137
-18.9362, 47.55152
-18.93656, 47.55177
-18.93692, 47.55211
-18.93697, 47.55218
-18.937, 47.55223
-18.93702, 47.5524
-18.93698, 47.55259
-18.9369, 47.55283
-18.93684, 47.55306
-18.93685, 47.55329
-18.9369, 47.5535
-18.93699, 47.55369
-18.93712, 47.55382
-18.93746, 47.55404
-18.93849, 47.5545
-18.93889, 47.55465
-18.93949, 47.55486
-18.94378, 47.55649
-18.94527, 47.55703
-18.94539, 47.55707
-18.94595, 47.55641
-18.9499, 47.55168
-18.95174, 47.54948
-18.95232, 47.54865
-18.95293, 47.54806
-18.95359, 47.54767
-18.95049, 47.54264
-18.94955, 47.54111
-18.94904, 47.53974
-18.94893, 47.53914
-18.94887, 47.53846
-18.94895, 47.53759
-18.94913, 47.53661
-18.94952, 47.535
-18.9499, 47.53295
-18.94993, 47.53213
-18.94985, 47.53159
-18.94972, 47.53111
-18.94938, 47.53033
-18.94891, 47.52971
-18.94768, 47.52832
-18.94751, 47.52793
-18.94745, 47.52761
-18.94743, 47.52727
-18.94747, 47.52679
-18.94746, 47.52653
-18.94752, 47.52594
-18.94753, 47.52579
-18.94759, 47.52557
-18.94758, 47.52557
-18.94756, 47.52556
-18.94755, 47.52556
-18.94753, 47.52553
-18.94753, 47.52547
-18.94754, 47.52546
-18.94744, 47.5254
-18.94663, 47.52513
-18.94458, 47.5245
-18.94418, 47.52434
-18.9438, 47.52413
-18.94357, 47.52399
-18.94331, 47.52377
-18.94307, 47.52359
-18.94285, 47.52343
-18.94281, 47.52336
-18.94281, 47.52326
-18.94286, 47.52319
-18.94293, 47.52315
-18.94296, 47.52315
-18.94311, 47.52328
-18.94359, 47.52231
-18.94409, 47.52141
-18.94476, 47.52057
-18.94503, 47.52017
-18.94518, 47.51989
-18.94544, 47.51913
-18.94599, 47.51721
-18.94634, 47.51607
-18.94645, 47.51549
-18.94643, 47.51493
-18.94633, 47.51347
-18.94621, 47.51157
-18.94617, 47.51115
-18.94607, 47.51073
-18.9459, 47.51015
-18.94542, 47.50867
-18.94457, 47.50577
-18.94421, 47.50453
-18.94388, 47.50327
-18.94371, 47.5026
-18.94362, 47.50238
-18.94341, 47.50205
-18.94325, 47.50188
-18.94306, 47.50172
-18.94282, 47.50158
-18.9426, 47.50149
-18.94238, 47.50143
-18.9422, 47.50141
-18.94182, 47.50146
-18.94133, 47.50154
-18.94113, 47.50158
-18.94087, 47.50158
-18.94053, 47.50153
-18.9404, 47.50148
-18.94016, 47.50137
-18.93964, 47.50104
-18.9387, 47.50044
-18.93854, 47.50032
-18.93805, 47.50001
-18.93791, 47.49996
-18.93783, 47.49994
-18.93782, 47.49995
-18.93781, 47.49998
-18.93778, 47.50002
-18.93774, 47.50005
-18.93763, 47.50006
-18.93754, 47.50001
-18.93749, 47.49991
-18.93751, 47.4998
-18.93753, 47.49978
-18.93754, 47.49976
-18.93746, 47.49966
-18.93735, 47.49951
-18.93729, 47.49939
-18.93722, 47.4992
-18.93716, 47.49914
-18.9341, 47.49791
-18.93323, 47.49756
-18.9329, 47.49735
-18.93148, 47.4965
-18.93111, 47.49625
-18.93095, 47.49609
-18.93086, 47.49582
-18.93084, 47.49556
-18.93082, 47.49541
-18.93074, 47.49521
-18.93061, 47.49501
-18.9304, 47.49478
-18.93019, 47.49461
-18.92994, 47.49448
-18.92976, 47.49445
-18.92953, 47.49446
-18.92927, 47.49443
-18.92854, 47.4942
-18.92828, 47.49407
-18.92805, 47.49389
-18.92736, 47.4933
-18.92708, 47.49311
-18.92673, 47.49292
-18.92633, 47.49277
-18.92585, 47.49265
-18.92544, 47.49263
-18.9244, 47.49276
-18.92389, 47.49286
-18.92353, 47.49303
-18.92211, 47.49397
-18.92171, 47.49423
-18.92107, 47.49459
-18.91968, 47.49532
-18.91857, 47.49593
-18.91711, 47.49671
-18.91656, 47.49702
-18.91624, 47.49716
-18.91573, 47.49733
-18.91387, 47.49777
-18.91079, 47.49853
-18.91059, 47.49863
-18.91025, 47.49899
-18.91007, 47.49909
-18.91007, 47.4991
-18.91006, 47.49912
-18.91004, 47.49916
-18.91, 47.49918
-18.90991, 47.49918
-18.90986, 47.49911
-18.90985, 47.49909
-18.90985, 47.49908
-18.90976, 47.49905
-18.90945, 47.49895
-18.90913, 47.49892
-18.909, 47.49893
-18.90833, 47.49911
-18.90751, 47.4993
-18.9071, 47.49935
-18.90645, 47.49931
-18.90593, 47.4992
-18.90482, 47.49886
-18.9046, 47.49874
-18.90449, 47.49866
-18.90419, 47.49832
-18.90367, 47.49763
-18.90344, 47.49737
-18.90324, 47.49719
-18.90294, 47.49699
-18.90268, 47.49685
-18.90231, 47.49673
-18.90142, 47.49648
-18.90084, 47.49631
-18.90042, 47.49615
-18.89947, 47.49576
-18.89761, 47.49496
-18.89586, 47.49401
-18.89458, 47.49328
-18.89425, 47.49306
-18.89262, 47.49188
-18.8919, 47.49132
-18.89112, 47.49067
-18.89001, 47.48974
-18.8892, 47.48909
-18.88844, 47.48853
-18.88814, 47.48828
-18.88776, 47.48792
-18.88747, 47.4876
-18.88714, 47.48717
-18.8866, 47.4864
-18.88612, 47.48587
-18.88536, 47.48521
-18.88467, 47.48472
-18.88412, 47.4844
-18.88304, 47.48384
-18.88253, 47.48355
-18.88229, 47.48338
-18.88164, 47.48273
-18.88064, 47.48151
-18.88018, 47.481
-18.87993, 47.48077
-18.87978, 47.48071
-18.87955, 47.48072
-18.87948, 47.48074
-18.87923, 47.48096
-18.87858, 47.48155
-18.87743, 47.4825
-18.8766, 47.48306
-18.87441, 47.48428
-18.87231, 47.48548
-18.87119, 47.48608
-18.87094, 47.48616
-18.87073, 47.4862
-18.8705, 47.48621
-18.86879, 47.48611
-18.86836, 47.486
-18.86819, 47.48588
-18.8674, 47.48536
-18.86602, 47.48439
-18.86516, 47.48384
-18.86445, 47.48351
-18.86343, 47.48309
-18.86234, 47.48262
-18.85904, 47.48117
-18.85792, 47.48064
-18.85747, 47.48047
-18.85712, 47.48038
-18.85554, 47.48003
-18.85528, 47.47995
-18.85439, 47.47958
-18.85322, 47.47911
-18.85253, 47.47881
-18.85106, 47.47816
-18.85002, 47.47766
-18.84999, 47.47765
